	B cell	CD14+ monocyte	CD16+ monocyte	CD4+ T cell	Cytotoxic T cell	Megakaryocyte	Natural killer cell
actb	-332.2820686283842	-291.13727560396103	-74.74426028194014	170.4990195227183	127.21859387997235	91.34340880150144	85.72498991933521
cd74	1975.6566871627906	135.54897794263238	-96.6717334368893	-276.59963029280453	-148.41656344565908	-5.352005902878741	35.13104507661832
mtrnr2l12	207.96117994528734	303.7549904356838	181.2345972483655	-913.2194908041602	-192.3062617158485	0.8438765457843893	-110.14191902508904
ftl	-116.3855866031794	20.172898107102416	115.91245103220055	-22.069356604081655	-692.3553089490588	62.339721981198146	16.55834243578724
eef1a1	425.6326358284442	278.1436347801391	-47.32440966052231	-563.2908399055362	310.68467417384954	-16.8605870561659	34.17208399908524
hla-e	34.01746978654196	-497.00813916439404	7.7954872307224115	-229.1079720360851	128.9795762284001	81.97021651973806	43.88446304320575
psap	57.8384611001581	316.75868834796853	221.34753574883845	-109.00219959891162	-125.86898277399688	-0.9978694878549814	-61.15729186254983
hla-dra	1872.6717329985956	-100.63401564902453	45.89634064421023	-110.40532650223061	-23.651060372769436	-1.9996066640575563	-23.58315429438659
sat1	-93.26382372927958	-11.915510186808806	126.04511414635934	30.818035925919943	-167.97145963307696	12.547730735194065	50.31978235829881
ptma	391.24408006046247	-258.43623498333824	107.53063928729762	-164.99714615765993	-56.556093445189816	-4.062313565218386	45.85873603250472
ppbp	-0.9789191122505028	-9.888609058553863	-0.4690577028828379	-1.9699729996599826	-0.6463310038305421	209.89094356773137	1.4822057205329788
ch507-513h4.3	7.880535432344033	1.1206624948905537	-1.0447242323550832	-15.460370768943445	12.879810158107983	-0.9946424733148149	6.56342242352116
neat1	-125.59184531290259	-227.0096210212632	386.02579823184857	92.4375372820164	-92.64755405237977	-7.968859608909902	-27.2827318342941
mtrnr2l8	51.0776389588707	135.92568556083987	-10.41556760987682	-131.18598208182814	127.35227808808266	4.9467652952793975	-56.6751035345219
fth1	-270.3107012916786	-194.94199274714768	50.88636596885282	-356.8589320447442	-326.2773646720867	127.4520874126639	190.93637103089418
rpl3	84.14371565312887	23.320774848759957	-27.65423470067209	-312.984146259533	452.11661025416663	-9.25969610629075	30.865625986487313
hla-dpa1	611.6648286651852	-127.07066387264094	-17.00479556378628	64.16035279594693	-15.335884596338488	-1.3273445351797197	-32.02706495755001
ubc	95.70646198121483	-71.40336281889115	-89.18466888758574	368.1444340768838	-188.18641056994952	-4.299409395304202	202.4971116061592
hla-b	-0.06651679349462367	-310.6191446031779	18.242016847272996	-14.151543040649972	406.7424609124405	-20.83833665405649	69.28426094098859
dusp1	-27.120937259738767	239.09179291762428	125.69730954976995	-103.86205634883892	4.800487179413674	-5.462509671199132	56.36947860222815
actg1	-350.05245603743447	83.65703123778862	-52.94963187144091	-450.74986258541236	450.61848512485096	19.287610031591022	16.34982141659228
sh3bgrl3	-79.46398511795013	-230.2877782318887	-109.46694995959018	-239.843881809874	331.1519756019067	80.0088995105047	168.20560108717402
ccl5	-78.99969965349436	-31.101246026217964	-16.06515317762353	238.39633590771203	-26.063686131611117	66.62852687183761	103.16540583635529
lyz	-27.060877252557603	1146.6911132726304	96.46330419246414	-48.53968475421932	-14.714714477591393	0.7367580810381014	-15.05845117500654
igkc	708.6593409006323	-19.7875068270503	-3.4572010364369463	-6.8331716863746035	-5.663174530012687	1.14679116310387	-4.074739453443965
rpl4	253.73495392590604	142.35953837971746	10.174145843228258	-199.2772400902872	-7.82014614343474	-15.030277121332656	30.65389076339772
tpt1	320.9552940656573	184.7894159979968	-64.72521116190676	-84.8587439324138	570.1811890090812	-21.325104762216128	18.165303199856247
gnly	-96.32951851819013	-40.277674317886756	1.514896832706206	-130.8291728805427	521.0209819747788	-5.535963013196017	1410.0240318879937
tsc22d3	-40.50117975977671	-59.62117926872626	-120.216585221541	56.658991959265805	154.8040414110758	14.391211419390768	70.87188204759286
txnip	439.0065936085069	110.83467397834238	-10.918219661770348	495.64477359406374	-122.94186281224411	-13.279315793367697	99.42218660782149
tagln2	-13.37732237675864	-158.32794559469417	-27.08860512926156	14.80046591503523	-96.26001380141436	89.04722722081559	78.70083975149106
oaz1	68.52741513191991	-377.31633707061667	-42.3988932731161	-271.4033508811507	-70.20476194638036	130.86342782215866	60.57218246568442
rplp0	372.4124426031035	-178.16072592936524	-21.656618516763398	98.5514966423583	266.1282519087276	-5.660293585206214	50.543980243082785
ighm	1228.2457839078495	-6.365048340552124	-5.105514926141247	-0.3018367504148683	-24.2417915769637	-0.11979826146611705	1.1150278778184186
gapdh	-81.26276472000106	-15.319194955229186	-56.750516508809	-615.4366785011315	181.77398015404574	49.44889684161916	62.03864064328248
ctss	-120.80662359413495	21.944388063675163	74.88782642976699	-40.19908589873101	-30.842972439598654	-0.9526179790447984	44.73358565799702
rps3a	152.10175991885816	-371.7384657836021	-22.645048606157935	313.6430465348474	378.2591290308045	-4.9671416990083275	77.7419135033987
rps6	51.885269882162305	283.5753620232217	-80.44107134563063	155.97441478466558	-42.959798447705474	-11.442864128419368	35.195480613712924
hla-a	192.0204927321657	-356.824617185928	-39.289499169124454	298.0701683451571	136.24515427955836	-15.42421582096569	123.36271059154353
fos	10.967195075187064	467.03805999539975	-2.7456623300477774	268.3741709661613	-54.17555547755481	-5.32395096019367	-60.21774489451859
cst3	6.066075681477962	-196.88082621167146	-24.107558453102364	-8.281727822095153	-13.16343922901263	4.151770101196865	24.717574933879085
laptm5	388.6552156935713	-80.7374028930328	-3.7996069688710583	-11.169278740602733	360.9842071368129	-9.181307295013719	31.034760743336786
arpc1b	-204.26729927107434	-258.44011553643537	-42.223666083041586	-96.46993329630281	127.75424667326084	66.6140486761406	67.24416528942774
rps4x	189.3187344717135	63.67044872650264	0.5358359062156586	-207.3978358761425	301.21323972850615	-6.064668016965899	-19.814196972447903
rps3	-125.7592377082434	-13.44774476510867	-56.3389149752845	7.209140742448909	376.40994054505154	-5.391895914577155	49.54723769413857
gnb2l1	77.10666269301049	-111.66451063410685	-21.194183563896523	-391.0821331234678	634.8084042782596	-2.772155342109569	35.809143123034644
ddx5	-104.20221080271416	-22.2223849828235	-49.32848089209047	91.84923225214331	318.81909963043455	-4.370448000402371	171.30381618855162
rpl5	260.6790066191314	137.32698205417017	-42.19936104023645	26.125757443110505	234.83221357845602	-7.0461922587302945	49.05218487114942
pfn1	-109.93760585375102	-337.93298983572066	-97.37542905454782	287.35843472010276	390.1324242967513	0.7084350758813277	212.04832158233165
hla-c	13.051237066178864	-401.44997605808607	-15.72550490994935	51.41809673275903	563.683022177624	-6.816529918180562	75.99570358537221
hla-drb1	1766.5249935341542	90.10188941238302	41.03645425362852	-59.31313451606338	-93.80202591286886	-2.289465486582669	-30.839993626115156
ctd-2139b15.2	-21.358729101371484	0.6886908030518866	1.124326398279917	-19.835920258153198	-13.132939202080498	2.293517445796561	-0.8034683184409599
cxcr4	-46.70001805971303	15.69239366230061	-34.82858003864726	694.5508785604163	265.099863264892	-0.9228073977960536	-79.27072071272825
arhgdib	-31.11577848456167	-463.8693673487485	55.331037610647826	87.86010112042295	447.1073308121078	-13.283913202864161	113.5371276491404
cotl1	-51.57903638708732	185.17354923500838	66.09580751541262	-263.0136856097504	-35.45537235730146	12.177010600985959	3.459802923952277
ywhaz	-2.676157379945799	29.364920065434454	104.7851426425606	-268.91722075871195	-447.36921000299327	-15.947224595852436	155.76181001820078
ptp4a2	-27.035637966584787	-110.69768111651096	28.4851317745238	-3.8867000412882735	217.08132398740682	-8.082794277733456	8.027296907797215
rpl19	77.31125489715298	-2.3080033498141503	-15.266028266196201	159.2395782285215	159.9176625613986	-5.103714320167158	27.896364059368707
rpl6	-35.88860652273674	178.25693590780904	-108.1028944627475	408.27449536480935	334.6483346531167	-9.12951741812042	72.1783092288167
rbm3	35.40658532289806	-243.09407769157568	58.1523593752929	85.24750055333408	-19.552217949073764	-0.9188283962103461	79.06500889574954
nap1l1	277.34405402578386	6.2635383508209	110.7154047156553	-405.78339519041947	-252.92040836284218	7.535967592331417	11.362560453445049
hla-dpb1	1539.0536318234088	8.610993630969798	11.053157285458784	-70.29247363899519	-52.4813852638064	-1.5505986444973487	-41.03231827453126
s100a9	-39.861357030098205	1706.1990189226085	17.90101411203834	-33.29850447530268	-5.676019571527418	1.9124945990777311	-13.853427744485277
itgb2	-59.55512822094202	-170.79993967091212	-0.8079003244555847	-166.6559828546582	293.9607485249041	-1.1471758821732538	281.9028611731299
pecam1	-6.3244808224281375	34.98172674440705	147.99406817012948	-47.27171286592161	-59.83030876201317	-1.5213183957489487	8.585202701345466
tpm3	-131.23030323046402	-156.24708917625546	65.07843113424991	116.400255623466	63.222022373024664	4.386010800067472	51.82113285203282
rpl8	334.73253193284927	30.669441744828802	-73.68315911126965	408.56618432111446	-143.71942416969463	-10.938422289872095	126.48961495617016
coro1a	-537.6972408673477	183.6959383963627	10.331669144053176	-243.0418723942642	24.64483423108308	-3.545132535804925	280.1861666173231
nkg7	-104.17308323841627	-46.11339995386169	-3.4822067815124047	-183.94623429839103	1367.816982670399	-6.3438503265547785	1373.1160345000137
wars	4.307177163786217	20.510578253784967	157.4133141418335	-6.357962165594959	-16.876339012217706	0.4131748910472288	-12.53812933388626
fcn1	0.4217601006323155	204.15735644218424	68.00225912930703	-0.966850949728655	-2.749093010277658	-1.5545880122575038	-1.6617337257957554
slc25a6	-108.55800938753353	-132.40038689717264	18.716014997651346	48.703277281056025	89.38702350322356	-0.3858082404418124	33.42963568889999
arf1	-128.08063062476884	-326.9983065396989	51.74601122101319	-194.87565597990812	338.6922632908019	36.87498703571629	-4.583013157179016
arpc2	-241.22583342013343	-112.77049926433553	187.7635516917688	-532.2990849414374	88.45225423657773	-19.0685437737597	360.48871858050234
lcp1	-79.65040794124924	110.15960892502144	-40.278437105773804	169.74463693178757	-44.10335224246169	-4.187852485837866	244.55494288095443
igha1	212.93531791047704	-2.8632426809031783	-1.2067924260724272	-1.8810109636956156	-2.849926367226297	0.43537452405341226	-0.6055427786316128
vcl	-49.24711076825226	-70.93049575765862	-26.135575678992396	-26.058519694336056	36.07323179353002	51.32319111218122	31.574113693563625
rpl15	408.6895971138957	-193.01988633212068	-1.5295741277705714	391.11882726787013	-53.13438586028536	-15.68940975991028	70.20158631866113
cd14	-3.953551276619192	460.3133194435649	-11.868488774261595	-0.40725867334157034	-0.835232821186854	1.24476709997249	-0.3415138376657898
ncoa4	-18.0944969638754	-138.25407563341403	-0.24394973933628525	-10.58318152967652	-86.58617674450038	98.19675875947605	35.76656190849455
klf6	18.50587735846259	-44.460942045944485	92.32067158685086	14.173852410182032	-87.3196892034129	-4.343999298249416	74.01117997074934
rpl7	271.5409093021164	-66.46213184505926	-36.90200320232965	129.59615830048926	140.46247880882643	-4.655847849185612	92.52633193730071
eno1	-104.97574178761938	168.13161584373177	-5.23279129645116	109.5204188150077	-67.40149177061815	-1.001398363940622	-46.93795897266145
srgn	-73.19784371091636	14.830559502779334	-24.568985039310768	26.439316344450695	49.59388608712921	11.67643550398786	264.4231224169466
itgb1	-73.10728988253737	-39.28463767127382	-6.424630750819853	-215.2111473600652	128.56712843075007	34.4632097889272	-14.997008499493383
sell	585.7490841798569	26.39869130515222	-28.2885266220828	343.0875002912055	-82.78051471574922	0.1758299030421627	-31.547093361746672
tkt	13.026917939952835	-4.7815160484292045	29.02978669496039	-38.28132151476295	8.165550493707787	-1.5126258190675776	24.02085424550696
serpina1	-0.8861109057995232	-81.5286958738673	165.15645250764254	-3.928640565194623	-1.3011895714505848	0.6000703369225056	-0.075046334639863
h3f3a	19.584395318962173	-172.19008962421802	90.83931343821389	-73.86373254699349	-165.91724714963442	11.780231482840524	86.70573255492025
vim	46.38937590885646	-64.40697843687511	-40.29746443768795	741.3250314687084	-184.37530873065745	-6.135717100730983	50.001613395218584
eef1b2	208.7014294770327	-162.2126498704269	-11.982939069042835	5.847505515674922	105.808560123538	-1.100211218029404	51.015325529525256
gnas	-77.33419980872749	-59.07822698459215	-21.93486153906857	-99.40986857457605	-16.279500581068568	43.02116322414859	9.02821904314446
bin2	-97.49748650020675	-106.7511780057502	55.32983115285667	-110.62490932123238	-128.74715907631503	18.57117591584185	133.9438040687139
ezr	415.1817280988715	-26.703567117576554	-7.345402612306491	155.35229375865183	-230.96018912156512	-1.2770570407236361	73.49658726174604
cd53	247.18531787118164	59.20792944857122	14.747044189707252	26.336401440699767	68.99616494482682	-1.7540042859599234	-142.37586678973236
rab37	-60.39209479879639	-6.541170194330289	-46.13800792687769	-47.375535955285855	143.82750483525572	22.749988485695553	34.21833797919517
dazap2	-35.68731189425456	141.0959430067526	88.87213756892689	-64.55584192403035	-401.6839861043503	-8.414486182919791	137.44640050275743
aldoa	-108.62398827470054	36.66673670833416	-52.02241964895047	-96.14227298713715	-150.0090453804348	15.258309601664761	118.21936260597947
aif1	-9.823279969433806	-295.0726018790208	79.68274718492955	25.712580464522254	-12.127740382228493	2.1980222363540176	2.966413044842228
fcer1g	-12.275802296508429	6.022808993821714	142.87649297012754	-8.40572660143837	-30.90557260590286	3.6816770702476385	151.53551429306276
pgk1	90.0380111782471	-156.7279555029358	-15.197536897712084	-181.89383486919598	93.28828176711335	-1.9684065178561772	65.91071450919374
cd37	313.6772230244714	-48.669820993385784	52.081343970776565	-40.75310995388949	-77.62491292258264	-6.732815004622591	104.91331734765464
mtrnr2l1	251.19611175644084	38.10171149408256	33.07086959054495	-106.19484572627412	-53.90710615171653	-7.057501148279191	-90.12849881907931
hspa8	159.53105643159998	56.769437756026235	-46.531871916091454	280.368186709301	-17.907877554987273	-4.792534039668812	79.84664923738333
ctsb	-71.91426305527894	78.85876675217003	-1.4933382415104712	5.956851126092989	1.3395344481887728	0.4854999009397613	16.675081772118787
pabpc1	280.2093985297454	-249.62830929307245	25.47990558116851	149.83621130171394	89.94203131028004	-8.108352853210125	28.634105234266798
litaf	-191.73407079325793	10.710481712651127	-42.74727492604349	224.11301703264527	419.19323688770487	-1.742164309475779	98.98398583983254
ucp2	-109.33102312038096	-52.51162464222857	22.580484171426846	-176.76969693476474	13.889600928360752	-2.3762349510250926	109.72950493416427
s100a8	-16.383856122988952	1679.9847003614764	-64.28233077394113	-25.067835215425795	-8.14276852135788	2.3114394289644515	-10.592872513604124
myh9	-17.73991941307926	-62.288930701405654	-84.85402571388873	110.75319540003792	100.9406791704706	29.668208837340483	-33.64771816616364
anxa2	-28.897500983872675	-70.07565013150096	9.257294496364574	-32.26711410958423	82.35352050886749	-1.8804728060730986	67.01386435016093
c10orf54	-20.538323848053828	64.28356655710407	51.398782014420036	28.16919167584615	8.084086402037201	1.3957074818660977	-19.12641275220061
fcgr3a	-16.34028441977532	-6.33964774935838	264.8332885151759	-14.691023426987353	-226.8097467582045	0.6393469479630809	523.9427065144533
grn	-62.53592160627613	178.5644941014771	-23.279075679113852	48.682355881026425	-23.96491754177681	-1.5899124448109643	13.598646922738274
vcan	-2.9436428500339753	610.282028869552	6.657039176718209	-7.200249869387186	-2.9063043099541614	0.02476941344817952	-0.7925009149141949
saraf	225.29248238364585	35.149788829502654	-45.084153053126364	97.0497569534143	133.17004974544218	-8.056607434318654	-14.880119550213383
ptpn6	-89.57243501443224	37.187055426381754	155.31384617878513	40.34406787978643	-72.55828901445884	0.5109086645937234	-122.12396804837219
cd68	-10.816097538081543	40.16848954105326	-21.111824681091697	1.178444789391426	0.5269151955218099	3.9716986278248774	-0.07975127760459244
ptdss1	-36.839137270690905	-11.712445086800887	8.779531336842552	-55.25639967702362	-8.426058368033733	0.7330303565665233	1.450869112405757
atp5b	-65.76260337615167	16.7565910097757	-39.65268117509112	373.03767635453056	-51.667117947458294	-0.5762319183460682	-78.02032450306237
prrc2c	83.87126878721931	-85.10509236643259	19.043779678892616	-50.66472910347901	124.28142561770542	-0.5121432551383407	18.21000782955528
ywhab	139.227105969541	24.672431066005725	-52.86299291495228	747.8552254452879	29.606581763371477	-4.6415618241211	-62.88329395903958
tmbim6	-51.12668034875002	-4.349109798742811	-77.61457506274482	-43.29591783242121	102.73867928014629	3.2599134633007822	49.836875443973256
hcls1	-154.84930953930981	-142.87373960230443	115.46282652633948	125.31916826998055	56.958260135841904	-0.42730053772012466	-12.778340571094187
vmp1	-14.863679417744738	-55.66102739030662	152.66593155480538	-35.14453175559355	-26.206021775953687	-1.0282314785106716	-11.7889530820332
rpl10a	243.8967553261046	140.80263662764597	-41.27019150630966	418.55222694155265	-295.1582481250713	-6.949419703649156	102.71835661209758
fgr	-7.528793007639787	141.8698760008886	89.30447811796904	-2.1048244570613326	-38.47350200816955	-0.6982180566890901	-45.48521132849726
znf292	-55.16699526683239	15.694368349741792	0.05022470142704608	-7.602537278140625	-2.9265707653960438	-0.006087123866169916	4.944492313974749
ptprc	167.6048530048175	-109.13534429846437	32.42331467134982	-12.774655893641043	53.02433632403638	-2.17455017645577	78.31313981859391
cd44	71.46173939277973	10.980424319529483	-29.89808483219069	185.23088282287176	101.85106712067372	-2.0408270350022764	15.759017102031404
hsp90ab1	123.65620339087901	-84.13683260455011	-0.38933947467623076	410.1374269444796	-14.948617152949428	-1.4099847695973942	3.1876156280085484
rgs2	-14.509979412333948	383.5746697122746	63.53065743850495	-13.692448893307372	-9.102046193906727	-0.08764856347663907	-12.720947462443096
ppia	30.02290587840981	99.39569246237691	-14.569837958911105	73.8375485176546	239.86444924501484	-16.609909152051646	22.20614984878659
hnrnpc	59.06463829230947	-117.30435550947482	-47.454502820267834	-127.66729009413862	237.40625038249232	-1.8438635040829148	99.50941201539572
ahnak	63.22263393161015	-109.86239512922216	-99.59706701023808	191.34003570673812	402.59148927900225	-2.7993574660855627	-12.107634206601443
crtap	5.244365220803625	-184.1949026276298	-0.390338092973773	17.134580606110998	-9.327567318939337	-0.4922423294071834	12.699272365964323
hspa5	-14.58002900498692	-70.73822919987919	-5.749750133433585	94.75340811940056	115.74187472285224	-0.11697360239072446	-29.627911216852965
lst1	-24.0222036325638	-107.87153390012087	104.49451577478095	-6.144551214323711	-34.517288267782604	3.5463654261064903	2.9827169025880433
ms4a1	1229.3188847330139	1.9496831348906878	-1.888458176508339	10.721762913857289	-7.624213795864607	-0.016963265759856	-10.950304919033094
lipa	-23.971919576548107	11.891286450261124	-19.57519317354463	21.949714585073288	4.73058796501462	1.0526792851540137	2.735044356176772
h3f3b	201.5341007804003	-277.84065898236923	22.065509069751094	581.4659711908155	-206.80511497002541	-20.04805002519931	192.5432649526482
rac2	-82.35498179002407	25.419387133622486	35.42056821442558	111.10300300642052	-73.91986802047913	-2.2049798808204897	18.146206631284887
zeb2	-6.529610243894232	-11.275536914470225	-41.52267622351671	-18.01450551312574	79.86434059812787	2.846231836774248	45.099159304362615
s100a4	-119.04179721391213	-109.21829236235344	96.65811458672397	-145.85301260638082	-33.6283670325528	8.232356253639367	-12.980060672227268
lrrc25	-2.951351547482107	41.58743682047532	21.933834371618683	-1.113901047616218	-1.4935186748651108	0.05226048722551978	0.7453486684297916
asah1	-69.13034463346608	20.67242236198208	163.9811152983948	-17.46347376056319	-27.68962476396052	-4.29150478680595	-19.470856416014932
sh3bgrl	-115.93789183079552	82.8303508048359	32.31171893237808	-144.4869488039118	-76.1486776299181	16.288259075588726	38.78030474445135
c6orf62	-81.74249249075588	27.525392731772676	-33.388303769669555	-2.3724063597380103	211.99136541475883	0.3004006111947884	-29.680949478070957
il2rg	49.98560133598923	-67.55105492822611	-9.94728127886577	-44.744450756288366	149.76844915022863	0.26508102925099597	135.88084122310397
evi2b	137.95941861026674	211.26324414805669	29.366752578808555	112.9869269054286	-143.29276534319962	-1.853399975894666	-40.72914968414928
c2orf68	-52.658291143646736	89.48648032401175	15.286723419224392	-34.04468608602886	-58.24462996228154	0.3914251269573026	-20.403921765871488
tpp1	-2.619433142865148	-29.869309030391786	1.8500674690527932	23.672643343051334	-17.648266510511068	4.914028569497127	-13.66411131388481
pip4k2a	-36.79058218368102	-90.08178086610289	-12.65055564653704	71.73033237432759	10.137681197178878	25.476493192740364	98.94444628112731
ncl	141.74218981850066	-60.56787454249944	7.358012966658954	-113.19675629281157	-32.121285883908016	-0.2534762428233343	90.01115636722234
eif3l	15.327453840431973	73.17438721750139	-64.35853920927762	-53.56579404454064	328.20956240143954	-1.600924428424649	3.093930610125263
anxa1	-16.64530758072534	385.52250847982134	-77.23865140561246	336.2811832012132	166.08008338222837	0.2784979966080965	-206.6509683985726
eif4b	42.78472843182889	-225.86132603658348	69.47016760319272	95.72957578803319	216.05923191543053	-1.1960485989566552	-20.048863173213775
vcp	-41.67344285091887	11.719046183518826	-33.24769591234657	88.0445253328594	87.24901656810901	-1.1048146844857862	25.059323379482176
csf1r	-0.22039491755879245	58.159236408423034	121.70707937334532	-1.01282509287127	-1.1872814683596231	-0.10279238561769005	-0.08522218045670528
anxa5	-32.67297106806232	-38.78541514306762	181.29099706949955	-99.98787644181763	50.609758343816566	-1.035797943859289	-7.452967754120962
tgfbi	-1.121759438090587	216.88460811727526	-8.402452168562272	-2.065638073617327	-0.6169823601187969	0.6706732262845135	-0.7383826800263475
sept2	24.104525273327813	-98.05276591294833	-24.587090436698986	156.4641633240419	163.28124977231914	-7.106741587153465	23.457257235262947
srsf3	-5.8510197584457515	-59.140758763900344	-31.528648231441228	298.3520626572451	-132.30840334968283	-2.5935714539472516	116.07972250170039
cd8a	-11.28714123824019	-5.852979375813303	-1.3814229264173625	101.74099330817276	93.89674841851202	-0.6948781475524942	45.03835367548773
hnrnpdl	281.7069274957115	51.202348761686665	-121.79079981734559	576.2542396060655	120.29222470041287	-1.0107214368226627	-161.17968428624678
calm2	-107.07776566903323	257.0594958844806	93.11468627320814	168.73506597926112	-169.37503506147158	-7.495143563645941	-113.32926523534911
hnrnpa2b1	-281.2202287980295	-161.09778347278314	-66.16023939584557	704.075695432555	13.099959134026271	3.958748614922357	-7.217382888422572
capza1	-23.022017057173272	-21.06585674759198	55.380130119265814	-54.082050995276454	-70.39662347555456	0.4711403240695982	-3.6804557532236664
kmt2e	66.27114145803844	33.631171403439275	-20.416669026462237	245.8313329043795	-22.77856062390054	-1.0934305807017775	-38.33774568138588
fcer1a	1.6291579872934958	9.909998590023417	0.104505741852325	1.0029960692670479	-0.5050023616957849	-0.04418686306521345	-0.7465315351501496
ldha	103.07828148317269	-28.089762623544054	-24.416394624369417	302.4814537362676	-12.889908694953292	-3.5842293005535533	-41.01922007694477
myd88	-17.46901293780647	-46.37541439634335	110.33746547724215	-14.366577251100459	-9.931434103264028	0.0847749422393895	-11.083129498240531
rnf213	-140.83806571074845	-15.523391660849319	-18.46631823359296	2.658587806519115	156.09650107645345	-1.4827353876099454	208.023472651712
cd8b	-16.69462403045201	-4.294695856694961	-3.349738218624897	-60.58057250186727	430.47635483122434	1.1297527381974508	11.60706931932296
fam65b	108.52507621404354	-108.30078828800417	-35.5168466044903	542.4550670242074	109.76169451662054	-1.2314125027173861	-33.78005478970002
herpud1	153.55707838865393	-29.780642673139674	-9.11813502697857	27.53602469987947	9.67673140342092	0.16693285729159274	-26.176997197829053
msn	-159.79600846154574	-183.10134804546183	-9.08098128993619	9.105528059646106	193.4538594619053	8.093266257555651	105.31454752625102
slc38a1	164.3464128702318	-25.147007625840864	-0.3272338264560079	129.50310093741936	80.24614681460879	-1.3377080566431632	-53.56633045166744
hla-dmb	951.4622869641017	55.785676444730626	-0.3556747042570718	-15.856897323515224	1.2617701544645548	-0.29302932977047863	-8.20251633288315
cd4	3.5424955383852637	243.4122436386344	-0.4761982470293713	-101.89967746266342	-8.887517570191488	-0.21129104288413791	-0.25711394174991514
gzmh	-19.480976250324687	-12.15841154307626	-0.7725812587864183	-11.119670843324961	290.2550400680828	-1.39106268607956	773.9327488377585
itgal	27.98986691196948	-2.0687552460781062	-5.934974174806592	-11.566896000672113	-14.494694097040831	-0.059637584836853344	-21.70938965352909
cnn2	65.68190905233034	58.58359875915996	6.8051510600973035	-1.2980172317244922	-74.463693962458	0.8086252183181024	-43.30072323916311
cnbp	84.84430916330743	244.14304558787813	-53.05294943670508	-122.116547985305	-51.682492923102345	-1.5877597570300557	35.55191519057925
aplp2	-44.44189798196511	198.68063268929222	15.93638601552458	-9.261020898468866	1.3234001837162133	-0.5529534198739581	-16.128161081922066
adgre5	36.906190013989274	6.60520677864115	132.45482583427517	-138.1054826720474	-213.12749567933295	0.4601912950953977	-39.5477341110185
irf8	503.8577441148265	7.632460030336685	-24.510914366242694	14.472017570702569	-7.069393971991594	-0.567084931330273	-4.3667467951521095
utrn	3.4008491684698035	11.682644718077615	12.119830837737085	-85.27898645233954	110.14606871510597	-0.9273824247200844	7.389243001861318
tyrobp	-7.342640463588116	-406.99945133637596	25.534151556409928	-4.746486329468871	-133.5735028741192	7.107367669447978	328.26716834845706
hif1a	-23.428259149910016	25.74529940772488	-0.23929915354576478	-6.415493233783311	-5.178971427998554	0.10490078937529917	4.894592298641757
hla-dma	988.3062506741223	7.58235168442896	0.9661309786251124	-28.090765790898374	-13.568131751123593	-0.29976821925375174	-11.977940464506569
tubb	-36.71667596974645	16.788628194199056	-29.514440939287685	13.656312602746254	-12.215054358239248	3.299429862420811	12.072833278896352
arl6ip5	-12.57969518932724	-16.948332723900492	-6.647927349949281	-51.68411775014181	59.08640705713315	9.315964134092095	-20.477769034759525
eif4a2	207.5389304039868	-55.01180569729442	-19.483165288219045	285.98407288362415	-107.97979571592228	-1.2589424375006881	51.369023244023396
ppt1	-7.371116632562318	-2.395331790882965	-18.21405525357514	32.476057736722595	-7.5010077734798	0.4955375839512944	-8.075206649671525
hck	-36.938782082783	-94.69520987236498	202.80475562069284	-8.731761122858646	-1.6576424068970745	0.2067073425717202	2.3210501645569264
cecr1	-23.519779966957298	20.74296607911292	5.555047113009022	37.32233264788196	-15.51631472279967	-1.2842918146218207	13.686583305325684
jaml	-5.47246963879426	99.65475255353273	14.15105538978893	-16.67588946931229	13.240812114385504	-0.3465533411450912	0.5895037452050331
sash3	-22.73903525244845	-25.227716102844553	13.094028700121822	21.773046269424874	-9.578753667436917	-0.11570111767149069	27.125431114511656
hnrnpk	-18.010514874569527	-48.027981811772705	0.04622980851304481	-37.6407509873139	83.07673056927229	-1.8895336692465146	11.381506278960522
ccnd3	-122.05060781065865	-81.25611010298314	19.1668246061299	71.36296244322733	95.89210353864043	13.603026294269359	40.460349085450325
pcsk7	223.79170665799458	-13.56127576262147	17.29124865239706	-346.5838175723204	109.52628135275941	-0.6761193637717651	38.03243348271109
foxp1	118.11371267507359	-10.21391445111339	-13.009418646226035	397.13760434837786	-2.623497990229206	-2.2814644933148958	-28.508977090776874
ncf2	-4.866339922440481	167.672779460202	21.93382611626817	0.1159925952241924	-1.5169571828387478	1.0902254583745277	-1.2814793048954152
rpn2	-25.746181094028596	-11.965557554435899	4.133404518972406	-37.83231164543621	-5.6887138025870705	0.5812386710433448	24.87143791835457
eif4g2	257.23507250534374	-135.9244652875799	-58.8468055598193	63.4456785272049	158.85190947483332	-4.901826824646973	10.643592666577973
serinc1	-18.222698087312224	7.568775566552723	-5.646683973515952	-29.868689480909808	38.2558996942382	0.8558092572962126	-15.741898237452574
eif4h	-30.922325761560877	-38.12054597181131	16.603540266357363	38.11664123854811	-56.096301443492905	0.9512571742432602	18.271893969449696
rabgap1l	39.75243950726282	-25.470148161742486	1.4195535602272407	6.626136419855818	-42.52916957154066	11.270876171391999	-17.775129112185475
lta4h	34.42589311744427	-101.28346575499057	182.56880856091928	-46.609321171087785	-52.02670528056002	-0.08592353847972956	-14.85394849686497
oxa1l	-41.68052701998486	28.570184993102632	-12.895810426561106	98.21409107477167	-25.369384365795447	-0.135462878230724	-0.5200356916461573
ikzf3	46.94933511052086	-16.374543707454016	-6.209911220849447	74.93429351204132	9.29710085449807	0.800976545696269	-13.089548350405257
zc3hav1	-101.59672416904539	-45.39260782125641	36.386744717001946	326.11278309082513	89.9460312329955	-0.9037341636859842	-51.01924393536728
celf2	32.46466184409343	-228.82089989340074	60.947762326356646	83.69040835873463	33.62043501249088	0.33948609064116	14.78453914082807
arhgap25	152.63577238949898	-12.791510337362318	-3.1450039902982354	-42.34627601313591	-61.64009414515284	-0.022958391104655584	10.797825212888375
srsf6	113.29219572806663	-59.36593827411477	3.0893506009678964	7.689425045883252	-55.197996088690495	-2.0378429846377246	8.720466346784345
selplg	-11.295381103614147	-40.379666472184226	31.50267049163986	75.05075692241695	-38.97760944540938	0.13013994373086543	-0.471768582575686
atp6ap2	-18.836060611828966	-54.719179864189314	19.779737336750912	0.567538126185819	27.53095220320191	-0.21024574487381187	27.846239247452676
csde1	89.15268392874638	18.244186279205866	48.24896412302058	-48.4855368689546	-68.4085885023758	-0.270365424651617	-40.8137345124198
lck	-38.22023119293047	-12.251399476847602	-4.8549208677758315	249.35577288929227	216.58436357880788	-0.1371189060011744	200.4434061045682
ldhb	-146.66049811692125	-7.955175182755146	-7.404251378004572	815.9415458959589	125.30536159530041	1.6150500489917	-65.95670616334306
golga4	50.33519226977726	-35.40592420752758	1.5760885155179174	17.601750079641377	69.58684502588432	-0.35074548903997993	-8.857613513153884
jchain	312.0718955699895	-3.1084856112727333	-1.2190286497577703	-2.252985298241275	0.7324184107583852	0.053992912919786896	-0.1447545711320056
stat4	-6.612748668145833	-0.8907834266897243	-1.0294597777326677	90.57911084709269	100.4938037433782	-0.043817148674028535	7.856855747346728
dusp6	-0.5984489826320959	93.01262059531356	94.65376732191291	-5.715218074239741	-3.513935385551693	-0.20253155332609263	-5.292237414325691
bank1	1428.4767185349	-11.28754871412654	-1.4603192026639977	-9.72320922615545	-1.3366524195553677	-0.07274595801956682	-2.615984094437967
tgoln2	26.86816006699516	62.363411513290814	2.18133751184231	-66.82102383019289	-81.14585367214976	0.5919483815789527	-3.8473279712432653
arhgap30	44.32542473493224	-122.52011674768393	2.16063530309919	107.08227909887741	-53.41275208627588	-0.7907434597010223	100.80309577865856
cd79b	1070.3794207194712	-20.706151927631275	60.79517344700531	-37.461222807703074	-23.134612178419072	-0.09338976202670626	-11.405004220120267
cd9	-5.1134674399193605	-1.0276959737338207	-1.5541321130028318	1.5137167149628479	-0.690763509018294	36.28250502562706	0.7935751846364476
cd22	88.06915995530507	-4.777683455181409	-2.3242797537977262	0.9620366890712593	-0.8371991745627059	0.2222249083944721	0.08005813138868448
cd6	-14.028468081961929	-5.8410146622607995	-2.4195371390692153	187.7949294200588	114.23907307456335	0.0	0.7717659227475053
cd82	209.0869564205655	8.03977937921998	-6.3618789809600615	-13.477926112391945	-26.80422948467482	3.6260054567352684	-0.5896539965448826
cd40	335.35988423656147	-9.616568102822166	-1.7365767302217103	0.04059920130597113	-2.5416702399038584	0.04262299533245073	-1.0215671724777569
cd99l2	4.473777022736574	1.9353541674867483	2.2940597884429894	-5.349482667337045	-3.7743537084233236	0.0038245611553190035	-4.45658226091861
cd40lg	2.13942885119843	-1.841356249356381	-0.3398998257079702	53.151917206764864	2.38445739582621	0.43509702134186345	0.154897413829842
cd79a	1752.6819190493209	-26.624567941714268	2.3153297229169847	-21.431853519332403	-6.412422589036145	-0.03576781749252859	-3.5495511379922946
cd33	-2.2795304015920563	63.61450626624725	2.1265792802274737	0.5714816028968477	-3.5758956809828675	0.30499005840674753	-1.577397154327137
cd5	-5.176462050130082	-0.13261062473680707	-0.7215397673526576	54.5132797008667	-3.2942692797861124	0.010203183962964678	1.1957382130053036
cd69	214.34921837782883	-16.192776662352962	-6.287400963810545	286.7208509524548	-113.89409444224094	-1.07150292651777	23.40455099163265
cd83	170.18773772770464	-12.487517446700231	-12.2668520220254	-5.896041096913333	-0.7034308833259068	-0.01914830894646536	1.747357421215035
cd86	0.11701093960383396	-3.325802067693607	55.603087079005384	-0.4179604446382501	-0.8042978203465672	-0.11310179508548188	-0.17461655095435127
cd58	-2.433765561703561	-6.576451256573262	17.058052330135308	-19.587411232959752	3.841716663351009	0.5150858028647285	-2.237576228791515
cd2	-12.624622338230727	-10.460711754751584	-1.7791691643457637	237.6676723861238	456.187793469512	0.09608422194432423	-48.85203025346104
cd48	50.58562448043318	159.50258281380496	-115.51928038517745	544.3615035707231	156.5478314886347	-1.3820966612184589	-117.00721762793327
cd274	-0.8965203459444068	-0.05343063494367609	-0.02179548721757533	3.19341355876023	3.440043787696542	0.0	-0.41288925859346093
cd80	2.9015169896485835	0.024647344857932223	0.0	0.009145679882912502	0.0	0.0	-0.01654543374390515
cd36	-5.57349498993732	321.5071550803433	-6.066451463886909	-2.5143184227903688	-2.524399830837525	7.307974481337447	-1.8103838425066914
cd27	115.71228939945487	-2.169555877788356	-2.5688002721200256	10.139131239138148	-0.4096846807462446	-0.1956720668491505	0.31823561507811615
cd226	-6.343455538925321	0.11930061668451447	0.22985656720100134	18.424782328115956	-11.436022655366632	21.06698598106544	-31.739012336513703
cd96	-8.019454047435637	-6.690731742120056	-3.2726306930891678	418.40259086975607	245.4777421315249	0.0	-88.23650069800675
cd1d	-3.338997665174796	107.5989317820683	-9.711253235951187	-0.03131740419584544	-0.14033518005706797	0.1534093882158931	-0.4397974290445864
cd200r1	4.363288740313422	-2.8276323650452726	0.24682390632976048	5.92760516072979	-0.271474292660567	0.0	0.0
cd300c	-0.09672337811347688	4.539507251078108	28.164373221239515	-0.2373770633486807	-0.13708407987385424	0.0	-0.8382612554156137
cd300a	-8.612665223766799	-43.092126860591144	9.660123613704318	-17.01799797247658	55.26258656735092	-0.09404658345518926	201.93257564677458
cd19	335.2121867823891	-0.5278842529121748	-1.003466112110444	-3.2305621932170516	0.005395313136136215	0.0	0.15352568751244564
cd163	-0.2952293860530748	124.5090309788059	-1.8558083105569985	-0.3828178032513239	0.4658596171622739	0.1398991221198984	-0.07543511418801754
cd300lf	-0.3531353352465468	45.729855784613136	32.55707987145496	-0.3796759070487462	0.19006525412572817	0.06335486947032179	-0.2963492771225364
cd81-as1	-0.6145790298955665	0.0	0.0	0.9941985020466466	0.0	0.0	0.0
cd24	576.1510273341131	-4.115809379825877	-1.2582478956853353	-1.8554347685158754	-1.6544761350965203	0.0	-0.5940563046517946
