	B cell	CD14+ monocyte	CD16+ monocyte	CD4+ T cell	Cytotoxic T cell	Megakaryocyte	Natural killer cell
actb	-36065531.81332398	8578972.777095795	13216714.774681093	11054517.606910704	2696648.528819084	8892555.986183168	-1640224.7031345367
cd74	159599055.93624878	9152706.92691803	5649034.456085206	-2900423.712348938	-1749193.1106185915	-46382.60153198243	-1093463.5597229004
mtrnr2l12	2323895.0406379704	13579897.38605118	-6887878.68165207	220357.20602542162	-1391981.5841500761	859935.1678886414	-2643726.054053307
ftl	-13457548.084842684	31022164.1434021	71771360.83003236	-2794240.324773789	-990970.6247692108	-1696842.8964843752	-1096799.1001205447
eef1a1	31963380.6071167	-14775585.158672333	-4855730.015869142	57307254.58185196	37247411.45915222	-794752.0069427491	6041409.663105012
hla-e	521984.5112442971	-5693875.961860658	-2431369.9071655273	-1881655.6594376564	4903577.292037964	4713687.621063232	4400907.053260803
psap	359402.5972366333	8960100.450866701	10941049.141819	-528186.4416122438	-149361.81028747562	-425905.7312469482	-190721.27462196353
hla-dra	52541474.75123597	40044293.490959175	-4916580.810680389	-333618.5610656739	-363450.66967391974	-44036.99699783326	-148070.51870727536
sat1	-1401093.2689590456	4579846.7068099985	19055302.580276493	-327321.1208724976	-711312.3439865112	-803334.5921134949	-108050.53765869142
ptma	2906680.244932175	-9430025.201305388	11045076.386192322	4052549.3602848058	-3426176.6888704305	-36669.57370638848	-4239322.431901932
ppbp	1019.7129383087158	-22965.74981689453	-10913.264808654785	-1389.0294528007507	-66.7507646083832	8886041.331275942	-898.8579025268557
ch507-513h4.3	3132921.7241745004	-1361220.661582947	-1793411.4529113774	3455398.5466003423	5361684.68006897	165740.84765911105	-1489767.4559097292
neat1	1375557.2874069214	-1826707.0017700198	3250419.563476563	-1209972.0580596926	-1026582.4147224427	-14146.149169921875	-144737.59565734866
mtrnr2l8	980474.1204137802	-2416919.1453323364	-564076.096725464	3609259.2392654424	625003.6990556717	422764.3580932618	-877711.7878160478
fth1	-652199.0719642639	7409071.786193848	-6690413.351613045	-1171355.195921898	-2538685.396574021	3064542.5081024175	-1364210.8669281008
rpl3	-322186.0880346895	1382897.8738660812	-1967015.7331333156	-2618078.137718201	6582297.797698975	18038.654297828678	581388.3788199426
hla-dpa1	-13227903.741298677	495757.61534214026	7891528.145996096	-213377.46154785156	223576.32767486572	-6810.408404350281	-74690.4464673996
ubc	-585700.9493379594	-34699.65374475718	4487651.94202423	-92832.20918160678	1403517.750472069	-365280.4273490906	-521690.4293661118
hla-b	-8705297.2673893	292719.2210125923	-688324.4533882141	1406902.08975935	4907916.002111436	-240426.39338493347	6525143.039447785
dusp1	-334138.7549285889	1969153.946838379	-407751.5356063843	1514463.5739517212	-995623.0034637451	-8909.010209083555	6707.738378494978
actg1	2076604.8985576632	443111.3656647206	-2478162.6112823486	1674736.0125904086	-3431216.2319335938	-103295.23621463776	2729251.4739990234
sh3bgrl3	-1669261.4654102323	-4034241.0059394836	-1366344.0625	828172.201842308	742441.4079365731	2150668.497848511	274178.5287952423
ccl5	-180097.39985847476	-52686.12301826478	-103528.0290222168	-2470435.8873710637	17046659.968883518	3087325.6560974126	4119632.9649124146
lyz	-129118.68756103516	136662808.2144165	-4672934.523712159	-46147.100715637214	13281.978355407717	-21362.165367126472	-4142.183998107911
igkc	48444226.35101319	-239702.7009277344	-8981.55173110962	-109765.56909942627	3091.4454457759857	66.61246663331987	-6242.2205963134775
rpl4	-4747449.245986939	888584.4074835778	-226034.3855342865	-759103.8062531949	2173692.8269100194	1589.5029556751253	224001.33429336548
tpt1	-15991884.629096987	7153207.37663269	-1223054.774608612	54120710.73985291	389936.41872435814	-177604.39870834353	-612497.7325181962
gnly	-199294.49859619144	-19456.90871715546	-37496.97195625306	-148731.77128314972	2728582.128948212	9817.254455566408	17862915.815757748
tsc22d3	3035365.1003265386	-660567.750492096	-145565.50562381747	-1739208.3205604558	301798.0818099976	95299.13730239868	169600.7435116768
txnip	4553365.688964845	-2624229.994140625	1448639.4130096436	-1985205.8757185938	76518.1281232834	-44593.39027404785	1834729.7429924014
tagln2	-115531.4228169918	101870.30365848543	-425983.86405944824	-270118.29078197485	235104.66016101837	2506119.2426757817	-24336.907180786133
oaz1	-838705.7824516298	1750197.2533493044	-1779002.2906322484	595801.5278472902	-674295.1009941101	1871989.1777381897	-741244.5317535402
rplp0	-3456623.452339173	572171.2927007676	-323276.25567817694	2684113.745497704	2323339.7711791997	-5527.076741218568	306532.3110141755
ighm	20611614.15338898	-11017.572528839113	-246.64337825775152	-49184.23287963868	-69610.24154663086	-0.17645043134689334	-4498.53749871254
gapdh	-2201890.9936752324	3467777.812683106	-924618.8595581057	3121859.5860671997	-2855340.9475708012	194335.018658638	947006.6784667969
ctss	-19191.802432715896	2191415.064210892	3585903.8804149632	-91659.31625795364	-113627.57968711854	-17468.053207397465	-5534.840509831906
rps3a	5792879.593286515	-4701113.113941193	-1463138.669275284	1684624.448143244	8199703.133220673	-22535.383953094486	1137387.104254246
rps6	10478815.29717064	5913457.95891571	-3633752.5787620554	27333422.387168884	-3950070.9884805684	-26342.7599773407	-1376393.4896469116
hla-a	-5689618.088455201	-1085634.0443115237	-1247447.2128524783	6426570.966773987	4896686.8154296875	88996.22161483766	2858150.253210068
fos	-580683.73078537	17114475.76226807	-987992.5137062075	208397.77474021917	-115054.35046386722	-9756.164394378664	-37885.868755102165
cst3	-111179.62951660156	2490399.9666633606	8253574.874114992	-2798.2627983093266	-15538.303756713867	50942.88904094697	-2906.0231268405914
laptm5	8790491.43639374	-2331461.3330078125	566537.3108339311	-463338.3964571952	138892.89894986153	-58958.2382850647	-713601.5516719818
arpc1b	-877484.7781505585	1735709.7336730957	-2679434.6484375	1393561.1593399048	-781730.0022268296	1714917.9049224856	-160002.16760253906
rps4x	8343345.560629845	773225.5173611641	-2602225.064277649	12325451.93355465	2093649.5378723147	-24090.329315185547	667907.6007804872
rps3	-2901973.0827670097	1487052.5122356417	-2465692.235046387	9537354.057025911	11118260.212333681	-3120.6368318796162	70755.43899619581
gnb2l1	4179832.569034577	-1176217.0586395266	-741901.4389781953	-3812525.2987823486	1406894.6227097514	-12839.247425079346	2328162.1133842464
ddx5	1690445.2312936785	-370893.4926223755	-784161.6998291016	-893376.9253187178	4266867.550498963	-12445.392711639408	476336.2161889076
rpl5	-5282177.756633759	94624.90694963933	-359945.1585769653	2305540.7512493134	-1218400.9043235779	-6499.821835756303	1823045.7456207275
pfn1	788747.3500728608	-6127655.269958497	1337095.133577347	907351.008916855	1771279.942909241	-43018.50833892823	3149589.0745086675
hla-c	-2546279.040927887	-2740408.859085083	-1566477.5209884646	-4076718.2446289062	13991309.42770386	108938.29493236542	4050383.304222107
hla-drb1	16932299.21859741	4794905.982881546	-1461526.7689056399	-191551.5997924805	-98352.59012889864	-13022.522697925568	-29677.379347801212
ctd-2139b15.2	-50713.407526016235	-22326.282822132114	353492.0943832398	33858.73366928101	-21048.437049865723	-93228.86053085329	-2228.312823772431
cxcr4	-782214.5764112474	83381.80194854738	-59201.51074218751	2448973.289279938	-1441341.2466106417	-325.2285919189453	58342.78706526758
arhgdib	605396.1813182831	-3311102.0860214233	-349213.96709728247	762082.424853325	1712782.1889266968	349234.25451278687	406491.3805060387
cotl1	802007.0234355927	4927788.592063905	-542676.1750822067	-567715.634997368	340812.27975845337	-73314.57160949708	-60237.50650405885
ywhaz	1435463.26512146	-1047691.216615677	-103527.5339460373	70281.1024580598	2162115.606985092	93891.47546100616	-952370.9537334443
ptp4a2	1016801.0773468018	-917229.9338531495	751284.2169313431	-645894.807144165	-225088.47117519382	2279.045544028282	-294786.48035621643
rpl19	21208009.043289185	-7151883.520385742	-1553811.5429744723	11940185.903045656	3771259.1999654775	-4641.892330169679	-57200.593286097035
rpl6	-372524.2440093756	2814901.6662597656	-1753845.5112152104	-7608444.459777832	9742944.346725466	-14042.270874023438	546660.1970787048
rbm3	-1619034.4296875002	-1169433.5442352295	2042998.5836791997	1220310.2913951874	131839.6968095303	-3924.438751220704	-312482.53903388977
nap1l1	1816646.8441658018	-1629934.7278404238	2940613.8748550415	680795.583595276	-1012275.1174201965	120809.75317382814	-243789.9950695038
hla-dpb1	3635181.873905182	3257238.258728028	-822528.0116729737	-158566.14586830142	198592.66984367374	-686.5672123432162	-48796.94250011445
s100a9	5789.497661590576	29842768.954376224	-970882.5542907715	-22964.313943862915	20537.69981765747	-435.17797887325287	-2925.49752664566
itgb2	-15757.723373770716	-133654.10117053989	359578.8614578247	-2119083.6980171204	2084729.2041664124	-17193.626647949222	2263548.7157478333
pecam1	22221.70541906357	-416403.9453544617	1207771.7102622986	-12205.491050720217	-52703.317750930786	-12177.383298873903	2221.730484724045
tpm3	1065904.840976715	-892909.8864822388	515910.8193969728	-1557025.5967254639	1366592.3638658524	-91755.59550046922	187836.19196033475
rpl8	5330323.312168122	-3626657.4607849126	2292860.770118714	7029217.289527893	-1876125.4432373047	-5240.367386341096	-715958.5650691987
coro1a	1687300.7484436035	709668.9923505783	-47815.18218910694	-1982396.8976211548	379905.1731081009	-7183.860374450685	464798.50814437866
nkg7	-99519.97047424316	-66248.58781814577	29822.7412519455	-536938.7773132325	10209641.039333344	3971.949338912964	7316733.256435396
wars	69431.50514602663	-481919.2153930664	1231772.3304786684	-38993.53085899354	40513.065444946296	-2370.1045532226567	-5937.239414453507
fcn1	-3865.9094734191904	16091651.215698244	-1918042.9313659673	-2476.904133796692	1443.6968564987185	-16481.23656654358	-366.02604675292974
slc25a6	247145.25748014453	-773910.4104042053	1001234.0805397036	1196894.5119380953	-1022643.8331985474	-2560.2448539733896	81090.85278511049
arf1	171934.7181978226	-557626.3650856019	33136.15889310837	-22456.173066973686	-366842.3405284882	54815.42438411713	332388.2651824951
arpc2	1097143.674297333	-1164231.51436615	566615.2789878845	-785845.7463598251	1345224.9513740542	-25928.899356842045	235436.34329986572
lcp1	-490613.939526558	32186.368206650022	255418.75542640686	-1370632.8674850466	2531028.4951133733	-4545.138901233673	801837.8708496095
igha1	2722742.401634217	-1207.894702911377	-1090.688472747803	-241.0651118755341	-43.115490943193436	3.985479414463043	-0.866834506392479
vcl	-31107.401484966278	-94444.46154022218	-16639.333485603336	-7016.880326747895	158068.86769294742	294937.8808784485	-69737.46286010744
rpl15	16041778.614345552	-1539638.842130661	-1368066.287841797	13413306.555471418	-5450503.112831117	-15578.603060245518	-1377428.1382026675
cd14	539.4869387149811	2710148.1617660527	-121873.09813690187	-129.1930949687958	-16.422099590301517	38.30103868246079	-8.10607671737671
ncoa4	6490.283988237381	-123769.14709091187	-118613.08824157715	-66419.0419845581	15458.910358428955	483688.14081954956	-23183.268499374393
klf6	1447983.931497574	495234.30503797537	-13590.918021351103	-2382267.1376037598	868232.5434265137	-4207.430354118347	-81539.03039216997
rpl7	7862091.178936005	1722873.9760951998	-3031343.867717743	5549953.921497346	3479418.677244187	-40853.1424484253	1152088.0130405426
eno1	-531852.9043350221	1896136.8977050781	-756897.1318130493	-70419.84432911874	994269.0102024078	-40612.21166133881	-16098.771514296533
srgn	-358453.1201477051	6185335.619792939	-267430.2154159546	-606610.0497722626	980165.0563373566	60212.89263248444	751411.1853027344
itgb1	-54752.005074262626	6253.969515919685	-128328.99560928348	-8649.068919628857	794028.1187438966	35097.769719362266	-154757.4322357178
sell	6688284.6848716745	-573838.748205185	-180303.58816528323	-358355.4267721177	-290745.57180356985	-3823.709765434266	306542.7995681763
tkt	-72751.85410737993	1518470.6717834475	35220.709218502045	32649.237585067753	-98061.95699310303	-3824.2831563949594	16421.31748390198
serpina1	-737.4378561973573	-663791.1447753907	1995613.2100143437	-250.28947305679324	-257.195185661316	-1492.8151473999028	-16.135227203369144
h3f3a	-2657539.1225013738	-985594.2668809892	666281.2346706392	-1796658.056192398	-1446664.0326004028	847071.0247192383	798900.812048912
vim	-1318030.1501464846	7555717.271015167	-145700.06851124766	5032884.6939582825	-1288879.288740158	-12386.90358543396	-517534.89584922796
eef1b2	423353.79369831085	-1764555.859867096	660951.9725933075	1153469.471930981	26823.393148303036	3311.093029975891	-96743.53125667573
gnas	281027.4973154068	-1125464.1577072144	351763.1957817078	794668.9505796434	-605065.505862236	163988.70448112488	-250126.30257415771
bin2	27690.992151260376	-217500.04847717288	48512.0432651043	-506305.49054431915	-6776.430114507676	40484.257328510284	605485.5962963105
ezr	2525606.2462425237	-80300.87126350404	-30465.91815948487	-130661.12276029587	5567.967524796725	-81.51553344726564	-130555.84443283081
cd53	2322589.017379761	-192083.73299026492	-205959.15746688846	-1155017.8433189394	1008208.632259369	-3119.304889678955	151416.78136920926
rab37	-2380.5853044986725	-15220.8455657959	-8219.751214981081	-31876.045955657963	32103.83253335953	133027.83608436584	35516.75294637681
dazap2	159085.65180730823	808861.8269195558	-88689.29691910745	-485157.6310806275	579450.651626587	-17920.577545166016	-195899.0827131271
aldoa	-165829.0128364563	46574.52997398377	289423.5376300812	288730.2558021546	92781.34595680238	840.8426969945432	-290969.56685256964
aif1	-9896.63824081421	1662154.8282737732	3315149.904647828	-79601.52803421019	-15585.924501419066	-4928.379243850708	-1341.0802717208865
fcer1g	-3151.5885124206548	-599359.1905565263	2824245.8038024907	-26842.378377914432	-151690.51214218143	-38197.815147399895	1475594.9434356692
pgk1	146981.7428827286	-363991.567943573	325792.284078598	-405043.1925535202	401476.08982944494	-22899.395683288574	73615.84585285188
cd37	10604825.375568392	-1272467.1298885348	-199129.7220039368	-327796.0033035279	-842322.9508209229	-3851.200086593629	326216.44964599615
mtrnr2l1	620612.5756263734	-331878.59792327887	-49825.12572479248	141835.04038095474	336328.4075021744	22135.400497436527	-167740.35193920135
hspa8	2376382.318725586	-489457.51965522766	-211706.02291107184	-1078470.548966408	2888111.1111297607	-2754.640037536621	-768288.3539114
ctsb	-51422.711322784424	691989.2539978029	-43974.38183212281	39890.30566406251	-32514.155444145203	-585.8602819442749	1733.3776855468752
pabpc1	-5372568.9245147705	7019467.930074693	1664587.5614814758	3143323.870948792	-309706.2143597602	-66047.47955703737	-605922.2621469497
litaf	-894323.91929245	301200.91748619085	-71683.9835882187	207217.1507263184	1728341.4215621948	-9152.877321243286	796183.7706642152
ucp2	110165.40548694135	-428035.8389415741	164246.80371284485	465234.4858074188	-563976.236480713	-3563.5895125865936	312072.5265893937
s100a8	4706.653995513917	6577365.880405427	-207258.01062011725	-11839.00548362732	22752.06552886963	-505.7124423980714	-490.36354422569275
myh9	-63415.793929100044	-902780.1728591919	-329978.1419677734	1116303.261367798	350163.290476799	191525.60494613647	-87829.63333511353
anxa2	-152461.5051455498	808048.8064870834	674182.15540123	-336226.96669006353	552710.5650501252	-14028.910688400272	-15830.409848690033
c10orf54	-21709.696306228638	-628174.4260406495	1333249.8736267092	-134454.82651710513	211072.65646934512	-3858.7995376586923	-30520.279400825504
fcgr3a	-1727.8532960414886	-115681.32879638672	3561160.585197449	-3647.0846414566045	-223249.7542381287	-1067.1358985900881	632893.1678867341
grn	-298953.82741546637	2635440.119415283	197535.2725124359	5381.559093594551	-23035.13476276398	125.31122922897342	-87.15815759450197
vcan	1157.680057525635	2094546.6355705261	-41294.665683746345	-404.0561395883561	368.84480857849127	-246.16501307487488	-53.002187967300415
saraf	-353077.9950599671	-159301.82858610156	37192.9223690033	4838758.665004731	-587533.6538729669	7906.259051084518	-424194.7444105149
ptpn6	306390.3419413566	-276573.40127944946	635086.1798286438	-84720.59010028839	41187.15494775773	-1886.0780830383305	40447.210946083076
cd68	-2082.264887809754	-261805.931388855	457784.57871246344	-146.2573657035828	-333.3309724330902	-11709.689658164978	-82.91677427291872
ptdss1	29338.339382171634	-34391.18467712403	21563.71396446228	40145.31193971634	-72677.46798992157	-1363.2834032177927	11751.294593811035
atp5b	-39925.16112113	-224622.80571937564	365524.38507843023	905201.4393882751	-1042107.0070762635	-717.7638587951662	34782.37851190568
prrc2c	938692.3841857911	-272998.662938118	-10657.765358209612	551505.6946716309	47856.87573033571	-1035.4145936965942	-174094.31112241745
ywhab	-1993675.5266132352	640053.7231636047	414624.2893676758	2637318.168930054	360566.78722476965	-20438.84353637695	-305815.00797271734
tmbim6	-778984.767791748	182150.1069331169	142350.95642089847	-341472.35816478735	-302044.54926109314	9547.905056476595	358087.2642860413
hcls1	-523775.05337905884	140051.75487327573	601071.6404342653	-954774.4780197145	1184997.1270027163	-85.64806938171387	125694.55521965028
vmp1	4716.201390981674	-286380.50342226034	227705.55222129825	-34052.74230480195	34783.31335878372	-1447.6223936080933	-21954.512441158295
rpl10a	5032414.364356995	-2872298.201145172	-572476.9094543458	656858.7000689507	4108913.348800659	4305.275259733201	56371.86589598656
fgr	-43199.562658309944	-488153.91376876837	837009.0170364379	-21739.811031341556	292256.99439430237	-1899.607242584229	-15934.673697233202
znf292	-160838.86729717255	39498.51673030853	4190.548867583276	810166.4717102052	-429914.0943202973	-0.6377740502357484	-80691.27195739748
ptprc	-1043747.77882576	884096.0000267029	53768.49072504044	2930290.1097183228	949485.8038573266	-5473.704299926758	-855217.0407161713
cd44	-899089.2609329225	899496.6502132416	611770.4867553711	852561.335062027	-160230.8790445328	-2380.7940635681157	-201657.42461585999
hsp90ab1	316785.83042860037	-224997.0003962517	127955.23870849612	25972.68558838963	-705949.9174499513	-1088.1626341342926	182070.07721710208
rgs2	-44587.79747772217	4472519.2201423645	-49102.545351982124	-36651.06865596772	-20552.464632511143	-2889.515331268311	11706.558037281038
ppia	-1912357.5611000063	-555478.6473665237	810961.3856773376	-1083385.4443016055	391045.4156417847	-17548.94222259522	950106.7848129272
hnrnpc	-628432.0171794893	1166032.500480652	-212188.75701808932	1856812.1887435915	883697.8176383973	-6378.0838832855225	-925308.44745636
ahnak	-795907.339782715	1168216.4410829544	85785.8422112465	1071291.2237510683	194878.53893852237	-1138.1106798648832	-656847.2149391175
crtap	-53751.881042480476	66078.7856526375	150651.22030448914	-92945.51467895509	9894.475270986559	-252.8584183454514	-9388.595009803774
hspa5	6360.827486336232	39774.22072291375	-7055.6199865341205	-777596.7790374757	873016.2371673585	-41.03078484535218	191735.6722068787
lst1	27867.50881004334	-1985160.4474925997	6546332.799682617	-33519.436797142036	-49938.25246334076	-3901.834472656251	-4403.345797538758
ms4a1	22314110.16845703	-49260.63290786744	-4489.4196281433115	-43536.04537487031	-16249.754499435427	-1.3553833961486819	-1701.545493602753
lipa	-2487.349074184895	-61239.124360084534	8096.834871411325	-15729.723148584368	28382.319867134098	8027.292697429657	-8338.522552728653
h3f3b	-1830734.1482677462	2214369.4569396973	25322.15506196022	4050035.3296508794	-1833802.8921461108	-85553.15914344788	-53098.8988249898
rac2	1196010.2508544922	-490913.6781349183	-329433.5314178467	-1537086.8494796753	-253653.32979583743	-1535.0461468696597	1959208.8704605103
zeb2	-100623.22446823122	517406.9044113159	-129798.65456199649	-19207.05209732056	36291.1672103405	-15930.339734077454	166134.25881958008
s100a4	-505584.07897949225	-177783.93184185028	6205797.586090088	-18764.034162923694	143070.36320066452	-10567.450622558594	-168491.32894039154
lrrc25	-236.065012216568	46736.71890854836	319200.2414245606	-146.81467795372012	-28.6925305724144	-275.9830255508423	-65.56365108489992
asah1	10113.895921111107	22873.21450126171	219131.24720287323	-21241.23313808441	-81000.39307212831	-19839.71429395676	51428.27573776246
sh3bgrl	-3451.3546245694165	-6603.945688605309	-13476.373471021654	173470.91452217102	-389465.8294773102	1580.2118803262713	146009.11574554446
c6orf62	90244.79416847229	-161987.1759643555	115805.21450042725	-147155.2226314545	714744.5022125244	-6543.919437408447	-306398.81641864777
il2rg	41243.296807408326	-13388.924177885057	-51318.301677703865	548729.4563388824	802889.1313934326	39.259918600320816	-366753.17702865606
evi2b	971197.641609192	-729284.0426559449	519598.4584274292	446628.90927982336	-408629.13928413397	-4619.216817855836	-68957.48096466066
c2orf68	-167526.57808876038	-21577.73743867874	148734.532913208	-36077.4094195366	28593.191881179813	-266.0480680465699	3030.261804580689
tpp1	-158818.16949939728	181188.45141458514	16479.659972906113	50847.59961605073	-117392.76287460327	34587.479833602905	10556.318653821947
pip4k2a	-13951.06344163418	-9808.060220122337	-44559.5464515686	-98431.92757272722	81803.33675336838	24393.44300079346	255024.084854126
ncl	-53324.85141396523	210580.11773300174	-110660.21235179903	-370536.6060829163	355899.72687530523	-1098.0767250061037	163711.0115604401
eif3l	277412.58214521414	-572836.6149902345	194533.54223632812	-1273707.3276405337	538665.8338356019	-465.13421416282665	231474.95434570315
anxa1	-65416.458862304695	2600738.315036774	-364523.033252716	569681.9404010774	-319486.5262031556	-1262.4572257995605	252158.9861049652
eif4b	546901.7843885423	-490560.7802610398	-233016.5604000092	1534137.0684194567	-395556.67343282705	2543.4558618068695	35278.41625213623
vcp	41849.97233295441	-6347.212321400642	3348.896496295929	-477098.57969284063	657855.2318992616	-655.5604476928712	-43521.166792869575
csf1r	-1144.191038131714	-39674.04448485375	230268.11911582947	11.496579051017761	-186.128631234169	-18.93948268890381	-0.2264688611030579
anxa5	-52721.53499794007	30069.808495998386	421822.652179718	23797.2388112545	53108.791162490845	-4749.212679862976	-15112.724948406221
tgfbi	-8916.73969936371	339254.82623481756	2453.0024388134484	-1596.0973284244537	76.7246230840683	-64.0819036960602	-81.25241827964783
sept2	-11501.862852096558	-264204.9195938111	90257.70844459535	299785.6307029724	-228768.02269458774	129.39580118656158	-5644.506287574769
srsf3	-994316.1090641023	-605093.6434669496	693221.5377807617	-118102.68453884125	500922.9234580994	-1890.126151323319	-68473.46984934808
cd8a	-12715.476387977602	-183.1638793945313	357.352466583252	-6825.058982372284	1684014.0354156494	-125.49144363403323	-345411.9299926758
hnrnpdl	-1388454.1435832977	452478.08789253235	-78844.60036849976	2899922.6699218755	-1021330.5616302491	-2591.041275024415	-77674.5985825062
calm2	-903841.1161117554	1656926.6240768435	58413.795436382294	181744.83217883113	209084.4906153679	-6749.246563911438	-245127.82458591464
hnrnpa2b1	78813.4352388382	-1420731.791038513	307006.28428459173	-332545.38986444473	-1063862.5236816409	1083.9881044030192	1547047.0611419678
capza1	-77505.8297109604	-390228.02352905273	-43565.31245756149	-114785.61881303787	1014982.7958068848	8065.846962690355	-145586.3698530197
kmt2e	921522.4487152101	-315509.53639984137	125805.76947784424	-776126.1567382812	322428.80022048956	-1392.4546251297002	-24979.63407814503
fcer1a	-342.8585414886475	-72198.57627582552	80394.87478256226	-6.367120862007142	-1.621701866388321	1.1387709528207781	0.06581101659685375
ldha	-307918.87225723267	87013.56623840333	60654.71484661102	113007.79446411134	29508.478465795517	-596.1541185379028	52689.62992429734
myd88	-5643.699867427348	-34798.36744737625	128453.56589984894	-3193.237653076649	-2245.5424764454365	-442.012481212616	9689.807851791384
rnf213	-492083.2623348236	325981.9387245179	-131105.21089172366	-26249.45333516598	347591.85016155243	263.76244306564337	288313.49077034
cd8b	-6950.862421512605	-264.52234983444214	2781.0042114257812	-1045783.8943939209	3096184.495628357	14.195113331079487	-111852.5083808899
fam65b	1793554.798213959	-57872.68020510674	-146456.37288284302	-1002246.2516479493	679465.9882450105	-781.8535165786745	-44009.225380182266
herpud1	301279.01913833624	144551.6131472588	-27831.610510826118	-40576.16019058228	1467.7050794065	-160.85946488380438	-35671.08600044251
msn	-340003.82534980774	-198972.71009254456	185089.57769393918	-581407.5501365663	849840.8166046144	-14513.127010345463	550275.1788902284
slc38a1	96480.17930316927	-37299.80379104614	-2362.764243125916	295591.12630367273	-237211.1514430046	1963.976354122162	71917.67985582353
hla-dmb	498913.980588913	119487.50423049928	-45656.17329597473	-5923.189046382904	17354.924912452698	-2.3002364337444305	-3268.8961458206177
cd4	-10856.437988281252	-154078.29532146454	221375.05093574527	23896.767532825474	5151.186507701874	-772.9702863693238	-55.321726799011245
gzmh	-9793.826820373537	1219.209683895111	4508.654497146607	-55728.960838317886	2234093.59060669	-922.8593130111694	812431.7191505432
itgal	3762.286567211151	-137948.34178066257	155463.7382183075	-108260.19384002686	476167.66516685486	-32.33465313911439	-157183.91609001163
cnn2	-176829.7021369934	-113745.84957885742	-5277.3866901397705	336942.0423755646	424438.63841915136	-777.4416255950928	-34698.34246635438
cnbp	-647064.1368312836	825973.8439178467	-131023.08779716495	479871.7514019013	361804.9163665772	-2060.425924301148	-201370.2637796402
aplp2	47615.75796246529	913589.673828125	-80277.6311645508	-67832.9622116089	-50814.31411266327	-2499.961364746094	39997.53157997132
adgre5	-20705.555593967438	6969.222941219807	231922.9227161408	46867.53868293763	-257360.45015335086	-651.7466011047364	76084.62408638002
irf8	1036190.5343055726	-234267.90136718753	31506.919618606575	-4008.7956733703613	-4197.5964868068695	70.53152346611023	16285.377639770508
utrn	-121724.12795162201	-112870.56637573242	89561.4996433258	-126595.81372261046	424228.06878280645	-224.10788750648499	72759.77483367921
tyrobp	-57607.68633842469	12668615.66748047	1028881.4066600802	-42557.55175781251	-935070.1426391602	-20819.66436386108	2787448.9107131963
hif1a	2597.4438890218735	63190.26697397232	-10481.487363338472	154394.98305892944	-109909.68799591066	-19.922366023063663	2114.742738962173
hla-dma	1002531.3211746216	173498.60290765762	-89431.78965759279	-9038.301221370699	-5201.364784240723	16.454132720828063	-5416.979698181152
tubb	-69713.6372408867	-132496.62426328662	61351.92868328096	-176293.61188411716	407153.8645820618	-3406.7592344284067	22817.940055847168
arl6ip5	-117972.26279258728	-97463.68743705751	-149698.55267810824	-302737.99975204474	666084.7516479493	75958.47375869751	-178281.23707294467
eif4a2	-655510.9375305176	95332.53133106232	150762.75785827637	-1287945.8893623354	-423939.9047813416	-139.1925236284733	408745.85406303406
ppt1	4085.6446299552917	43756.47581541539	146229.83791923526	-118340.26908493043	71251.89522171022	-229.25709199905396	-15249.574869632723
hck	-31698.319644927982	110957.01289355755	401413.72802352905	-192.77247142791748	25.428134679794315	-404.54201126098644	-27.79556465148926
cecr1	-14618.18179512024	420956.1463479995	-65691.08541870116	2036.1477686911824	9287.092308640482	-283.92452573776245	-11383.621805906298
jaml	-37414.31333541871	1124844.2691421509	-64219.49582576753	167072.2840089798	9644.258825540544	-143.15618991851804	-615.4375448226929
sash3	134823.6497497559	-32443.165220260624	-31210.921806335456	-121931.36402130127	63234.03379154206	-165.36119842529294	120981.96632862091
hnrnpk	-588539.5854530334	-419724.1987495423	190318.35762405396	64617.762756586075	-70669.44529402256	13552.562623977663	200289.1797847748
ccnd3	-71543.8481655121	39400.231709003456	-39504.568745613105	-119271.57737803459	69448.73679757118	23770.800209999088	81697.75793313982
pcsk7	317925.65941715246	-195235.24114036563	-37723.70794582368	171092.87690734866	-246145.8908920288	-8.81236106157303	358188.23893165594
foxp1	36556.13514518738	-35513.52772808075	-13063.068724393848	1081090.131896973	-231396.0971031189	-507.7760167121887	-30243.243605613712
ncf2	-8626.553206682207	203678.895816803	137482.32591247562	-422.29730844497686	-171.6706466674805	-932.1691513061523	46.32273197174072
rpn2	-3171.13799482584	-81986.15705966951	-9438.781347870829	-105626.51554107667	25414.039188981056	-626.8403482437134	194171.63636398315
eif4g2	-43454.686901807785	-218080.62614345553	169853.86762619021	376127.3416976929	228536.34164333346	13139.777149200441	-323704.6172904969
serinc1	265076.13107299805	-68631.04289245605	-25194.890035629272	-262204.1271972657	352398.84729003906	-725.015834569931	-56554.39939689637
eif4h	55100.70518231392	-91475.70996284486	60242.68377828598	-197169.39492225644	115939.68864440918	264.78372681140905	5651.773525536061
rabgap1l	20470.042802095417	-21675.292825698856	-46957.18572044373	-32070.430809259415	-60353.14659643173	39741.8179063797	49063.56043338776
lta4h	63130.40761733055	-315323.101512909	268373.4353675843	94100.55741310121	-59890.306220054634	-380.59072732925415	-17744.30914115906
oxa1l	-177612.59409332278	55883.26814889908	52672.583610534675	36758.28404188157	-3096.3154610991483	-109.31297302246097	-5344.220286369325
ikzf3	175161.4888629913	-4086.3506364822388	38.35978534072638	-164721.42811775208	-142735.08938884738	-114.06118339300158	128323.31604003906
zc3hav1	-173556.86960220337	-27884.76471734047	72369.94816589355	43261.440928459175	284438.597858429	-406.9403696060181	-68321.70517635347
celf2	-542773.8848876954	200959.78971862793	177828.2506313324	410840.21474647516	-674473.7362251283	4893.912243843079	4348.269274681807
arhgap25	188844.84553337097	-38685.851802825935	-5166.717366218568	-120419.43274259569	197418.57354545593	-0.3866775333881378	-3743.270863562823
srsf6	161519.436668396	-118340.13549137115	15746.480226516724	-64231.278286933906	-239505.609413147	5185.570217370988	100502.47674179077
selplg	7086.90028989315	-124430.53138160707	141562.67706871036	-156951.2386379242	262434.79648590094	-725.5808954238893	-57072.86965560914
atp6ap2	-57261.43772125245	640221.8183898927	-170261.2292480469	10558.825502097608	-164219.11425590518	-318.41407775878906	89452.25535392763
csde1	-190557.55614566806	85950.55748534203	-337723.8768310547	348441.11959362036	743075.221206665	620.249605536461	-26944.6987695694
lck	-233.991813544184	-291.155690073967	-205.1941921710968	-563392.1762866975	1216017.8788623812	-21.379050731658936	-167576.73256301883
ldhb	-703255.8750000001	74304.99084854127	-14898.731741905214	7656261.248588563	-1036995.7669563295	-282.90840613842016	-55530.381341457374
golga4	124618.32174110414	6142.086551666261	14401.890884399416	66037.13939857483	-285304.93273925787	-77.45743036270143	-10101.493143081667
jchain	1139728.9631652834	-1916.9243874549868	-481.82160758972174	-913.4777297973634	-498.4656646847725	0.4210625216364861	0.6814762204885483
stat4	-8870.86218738556	-208.8465757369995	-120.42603206634523	140535.40443420413	-66734.58926963808	-0.8776614665985109	113738.22101783754
dusp6	14353.929431915283	531175.7662296296	-318021.7508411408	170.72392934560776	-4625.21493434906	-97.12138485908511	-4574.272499084473
bank1	3451955.603027344	-6939.947944641114	-1527.9976959228516	-6947.492466926575	-3002.0688786506653	11.25518648326397	-308.6471834182739
tgoln2	560115.1072807312	-404378.11830902105	23113.49273300171	-553764.5956726075	176707.61162567142	-158.41587829589844	-14888.223867416382
arhgap30	-328597.1989116669	-263300.66056823736	236425.65078735352	-84861.14109039308	192638.18886995316	-482.4409775733948	212787.67337417605
cd79b	3153614.8018970485	-6199.8237228393555	-82317.99311828615	-6876.543937683106	-20622.378314971927	-1.3460557460784912	-1170.619785785675
cd9	84.29932077974081	1068.235071182251	-922.7214279174808	-596.5740056037902	-216.5664052963257	73359.98477935791	-673.4163169860841
cd22	322051.11282539373	-759.2269129753114	-609.7608680725098	282.49656540155416	-224.0395474433899	0.20472610741853714	-271.6757558584214
cd6	-16266.908569335938	80.07280863821508	-175.33677673339847	124056.24956893922	237771.59580039978	0.0	-9940.51471710205
cd82	266719.91949749	-9223.03016281128	-2077.4164829254155	-18438.563159465793	1422.9246010184288	1376.7341203689575	-51.00232297182083
cd40	168445.73953056335	-2751.6250226497655	-1148.1390953063967	-1115.2429797649384	-1.1388719491660597	1.329134501516819	-70.28787781298162
cd99l2	3377.4940648078928	-218.28272193670276	-18.619128361344337	830.2603812217712	-1693.3584346771243	-0.08606369048357011	-1373.5906572341921
cd40lg	7.535175852477551	-56.307929635047905	-7.97221964597702	46529.218006849296	-4082.9957875013356	0.5351305156946182	-143.94612026214602
cd79a	6425370.7185668945	-25081.530097961426	-5294.546470642092	-14448.164047241213	-3413.8126029968266	0.03968732804059982	-2134.3439040184026
cd33	-71.86379313468933	-7051.845791935921	-221.13545787334448	0.16144087980501357	3.3259661644697185	137.16244983673096	-2.6440732479095463
cd5	-2778.246448516846	-1699.6250152587893	1252.888421058655	171888.69697475436	22975.900574684147	-0.2814558148384094	-1572.1840343475344
cd69	482485.61057853705	17735.63766860962	-6949.526168823243	-238736.16944217685	-684157.5076141357	-484.4321066141129	156363.77918720242
cd83	673134.6183013917	13746.445643901827	-29961.63275718689	-6662.262737274171	-15293.00885009766	-22.73692059516907	-3770.5025367736826
cd86	-20246.155513286594	-31801.543142795566	67480.70893478395	-24.829463124275208	2.125182747840882	-442.8555927276612	-0.6704375445842743
cd58	388.01374065876007	-2119.024266719818	6365.174245834351	443.3089702427388	-19130.328154563904	-168.84221220016482	12188.57855081558
cd2	-10440.998566627502	2703.7157589197163	266.15176892280584	-312126.64689254767	1406020.357383728	-35.37860262393952	-215777.72766017917
cd48	116520.26793003084	-329330.5115795136	219546.11684131622	345168.6168799401	161279.06624078754	-718.457955121994	-145520.70720195773
cd274	-2.1727974414825444	-0.02813288569450379	-0.08599098026752472	-102.24468702077867	6793.133198738097	0.0	-966.8669171333313
cd80	5031.58779644966	-1.3853716850280762	0.0	-3.510518878698349	0.0	0.0	44.04991149902344
cd36	-432.13879519701004	592936.8262233735	-24074.16530799866	-31.363697141408924	-76.48213195800781	581.4289674162866	-35.77340126037598
cd27	44473.708404541016	-1169.0169296264646	-1024.7788572311404	210885.32780456546	-16624.754222154617	-0.7660070573911071	-450.99481099843985
cd226	-1013.7772697210313	308.0836163461209	-497.3847866058351	-7365.683222770692	-73851.2828063965	5757.667950153352	78505.80340385438
cd96	-22829.671875000004	1075.147621393204	-169.59313225746158	557079.4665527344	-258330.46616649628	0.0	-18872.13390350342
cd1d	1076.5871301591396	17531.125865936283	-2265.430572509766	-13.175319612026215	-0.08360815048217775	0.7846345044672489	-0.15903025399893522
cd200r1	295.82206860184675	42.7994716949761	8.395601153373718	-1613.1276872456076	28.255535230040554	0.0	0.0
cd300c	-19.0045108795166	-10054.904657602312	14047.409424781803	-0.19860725104808813	-0.008582573384046556	0.0	4.659219738096
cd300a	-1655.6742000579836	-4276.185829401016	57414.73145866394	-27156.991074562073	44701.92030429841	-48.72604846954346	163958.14160728455
cd19	740083.2342529298	-4698.147651672364	-433.2756900787354	-200.6023645401001	-693.9386501312257	0.0	-12.824375733733179
cd163	-12.59293392300606	77832.00690937042	-45.4062762260437	-1.8884224891662602	1.0095012187957764	-0.2679697442799807	-0.10635732673108578
cd300lf	-1.7073926925659182	-10714.340656399727	41346.978950500496	-12.126354470849037	-56.13601255416871	-7.00309181213379	-0.4070117771625518
cd81-as1	-2.6146496683359146	0.0	0.0	4.280835762619973	0.0	0.0	0.0
cd24	82298.74590396883	-461.87545704841625	-46.30262517929078	-83.76971977949142	-121.29771387577057	0.0	-1.3737889528274536
